1000    660
2000    914
3000    1245
4000    1381
5000    1456
6000    1558
7000    1646
8000    1726
9000    1791
10000    1818
11000    1846
12000    1947
13000    1961
14000    2009
15000    2100
16000    2108
17000    2169
18000    2179
19000    2215
20000    2330
21000    2346
22000    2386
23000    2420
24000    2488
25000    2530
26000    2530
27000    2535
28000    2580
29000    2585
30000    2641
31000    2683
32000    2720
33000    2753
34000    2752
35000    2752
36000    2761
37000    2819
38000    2808
39000    2810
40000    2828
41000    2873
42000    2905
43000    2976
44000    2975
45000    2988
46000    3013
47000    3061
48000    3061
49000    3065
50000    3080
51000    3117
52000    3117
53000    3149
54000    3159
55000    3159
56000    3165
57000    3173
58000    3186
59000    3192
